data name: WN18RR
model name: MRAN
learning rate: 0.001
entity dimension: 400
relation dimension: 400
batch size: 128
decay rate: 1.0
label smoothing: 0.1
convolution parameters: {'input_dropout': 0.4, 'hidden_dropout': 0.4, 'feature_map_dropout': 0.3, 'in_channels': 1, 'out_channels': 48, 'filt_height': 2, 'filt_width': 7}

Epoch	MR	MRR	Hits1	Hits3	Hits10	Best_MR	Best_MRR	Best_Hits1	Best_Hits3	Best_Hits10
5	14752.3	0.023	0.014	0.020	0.041	14752.3	0.023	0.014	0.020	0.041
10	11660.6	0.026	0.015	0.025	0.045	11660.6	0.026	0.015	0.025	0.045
15	5799.8	0.082	0.053	0.087	0.135	5799.8	0.082	0.053	0.087	0.135
20	5542.4	0.307	0.262	0.327	0.392	5542.4	0.307	0.262	0.327	0.392
25	5874.1	0.406	0.382	0.417	0.445	5542.4	0.406	0.382	0.417	0.445
30	5840.6	0.420	0.398	0.428	0.457	5542.4	0.420	0.398	0.428	0.457
35	5831.2	0.427	0.405	0.433	0.469	5542.4	0.427	0.405	0.433	0.469
40	5602.2	0.434	0.409	0.443	0.477	5542.4	0.434	0.409	0.443	0.477
45	5837.8	0.438	0.413	0.448	0.479	5542.4	0.438	0.413	0.448	0.479
50	5641.8	0.439	0.414	0.451	0.484	5542.4	0.439	0.414	0.451	0.484
55	5614.3	0.441	0.416	0.449	0.485	5542.4	0.441	0.416	0.451	0.485
60	5756.5	0.442	0.417	0.452	0.489	5542.4	0.442	0.417	0.452	0.489
65	5697.8	0.443	0.418	0.454	0.491	5542.4	0.443	0.418	0.454	0.491
70	5660.4	0.445	0.419	0.457	0.491	5542.4	0.445	0.419	0.457	0.491
75	5699.0	0.447	0.422	0.458	0.495	5542.4	0.447	0.422	0.458	0.495
80	5614.5	0.447	0.420	0.459	0.497	5542.4	0.447	0.422	0.459	0.497
85	5507.7	0.450	0.424	0.459	0.499	5507.7	0.450	0.424	0.459	0.499
90	5552.7	0.450	0.425	0.461	0.498	5507.7	0.450	0.425	0.461	0.499
95	5566.4	0.449	0.422	0.459	0.501	5507.7	0.450	0.425	0.461	0.501
100	5595.9	0.451	0.424	0.464	0.502	5507.7	0.451	0.425	0.464	0.502
105	5499.1	0.452	0.424	0.463	0.504	5499.1	0.452	0.425	0.464	0.504
110	5749.8	0.453	0.426	0.463	0.505	5499.1	0.453	0.426	0.464	0.505
115	5473.7	0.453	0.425	0.464	0.506	5473.7	0.453	0.426	0.464	0.506
120	5560.1	0.454	0.425	0.465	0.508	5473.7	0.454	0.426	0.465	0.508
125	5444.5	0.454	0.427	0.465	0.507	5444.5	0.454	0.427	0.465	0.508
130	5400.5	0.456	0.428	0.468	0.509	5400.5	0.456	0.428	0.468	0.509
135	5477.4	0.457	0.430	0.465	0.514	5400.5	0.457	0.430	0.468	0.514
140	5526.0	0.456	0.428	0.466	0.513	5400.5	0.457	0.430	0.468	0.514
145	5455.7	0.455	0.426	0.466	0.512	5400.5	0.457	0.430	0.468	0.514
150	5518.3	0.457	0.427	0.472	0.515	5400.5	0.457	0.430	0.472	0.515
155	5521.8	0.457	0.430	0.468	0.511	5400.5	0.457	0.430	0.472	0.515
160	5447.1	0.458	0.429	0.470	0.514	5400.5	0.458	0.430	0.472	0.515
165	5418.0	0.458	0.430	0.470	0.515	5400.5	0.458	0.430	0.472	0.515
170	5407.1	0.458	0.429	0.471	0.515	5400.5	0.458	0.430	0.472	0.515
175	5371.4	0.462	0.434	0.472	0.515	5371.4	0.462	0.434	0.472	0.515
180	5471.3	0.460	0.431	0.472	0.513	5371.4	0.462	0.434	0.472	0.515
185	5408.1	0.457	0.426	0.470	0.517	5371.4	0.462	0.434	0.472	0.517
190	5430.4	0.460	0.431	0.473	0.515	5371.4	0.462	0.434	0.473	0.517
195	5533.7	0.458	0.428	0.470	0.513	5371.4	0.462	0.434	0.473	0.517
200	5445.5	0.460	0.431	0.471	0.514	5371.4	0.462	0.434	0.473	0.517
205	5365.8	0.463	0.433	0.476	0.517	5365.8	0.463	0.434	0.476	0.517
210	5437.4	0.463	0.433	0.475	0.518	5365.8	0.463	0.434	0.476	0.518
215	5468.4	0.460	0.430	0.473	0.519	5365.8	0.463	0.434	0.476	0.519
220	5376.2	0.460	0.430	0.473	0.519	5365.8	0.463	0.434	0.476	0.519
225	5466.2	0.462	0.433	0.472	0.519	5365.8	0.463	0.434	0.476	0.519
230	5511.1	0.462	0.432	0.475	0.518	5365.8	0.463	0.434	0.476	0.519
235	5454.6	0.463	0.434	0.473	0.520	5365.8	0.463	0.434	0.476	0.520
240	5444.2	0.463	0.433	0.476	0.519	5365.8	0.463	0.434	0.476	0.520
245	5398.8	0.461	0.430	0.474	0.519	5365.8	0.463	0.434	0.476	0.520
250	5481.0	0.464	0.434	0.477	0.520	5365.8	0.464	0.434	0.477	0.520
255	5481.3	0.463	0.431	0.477	0.522	5365.8	0.464	0.434	0.477	0.522
260	5495.7	0.463	0.432	0.475	0.520	5365.8	0.464	0.434	0.477	0.522
265	5381.0	0.464	0.433	0.475	0.522	5365.8	0.464	0.434	0.477	0.522
270	5397.5	0.463	0.433	0.475	0.520	5365.8	0.464	0.434	0.477	0.522
275	5466.9	0.465	0.434	0.479	0.522	5365.8	0.465	0.434	0.479	0.522
280	5470.9	0.464	0.433	0.476	0.524	5365.8	0.465	0.434	0.479	0.524
285	5427.5	0.464	0.433	0.478	0.523	5365.8	0.465	0.434	0.479	0.524
290	5384.7	0.462	0.431	0.476	0.522	5365.8	0.465	0.434	0.479	0.524
295	5420.5	0.464	0.433	0.476	0.521	5365.8	0.465	0.434	0.479	0.524
300	5432.2	0.463	0.432	0.476	0.524	5365.8	0.465	0.434	0.479	0.524
305	5399.2	0.466	0.436	0.477	0.525	5365.8	0.466	0.436	0.479	0.525
310	5420.8	0.464	0.434	0.476	0.524	5365.8	0.466	0.436	0.479	0.525
315	5297.3	0.464	0.432	0.477	0.524	5297.3	0.466	0.436	0.479	0.525
320	5361.4	0.465	0.434	0.477	0.523	5297.3	0.466	0.436	0.479	0.525
325	5467.8	0.465	0.435	0.477	0.523	5297.3	0.466	0.436	0.479	0.525
330	5313.2	0.464	0.433	0.476	0.523	5297.3	0.466	0.436	0.479	0.525
335	5307.6	0.465	0.434	0.476	0.524	5297.3	0.466	0.436	0.479	0.525
340	5322.7	0.465	0.435	0.475	0.525	5297.3	0.466	0.436	0.479	0.525
345	5380.2	0.464	0.433	0.475	0.523	5297.3	0.466	0.436	0.479	0.525
350	5251.3	0.464	0.433	0.477	0.522	5251.3	0.466	0.436	0.479	0.525
355	5337.1	0.466	0.435	0.478	0.526	5251.3	0.466	0.436	0.479	0.526
360	5279.6	0.466	0.436	0.477	0.526	5251.3	0.466	0.436	0.479	0.526
365	5259.6	0.467	0.437	0.477	0.524	5251.3	0.467	0.437	0.479	0.526
370	5223.7	0.465	0.434	0.477	0.524	5223.7	0.467	0.437	0.479	0.526
375	5284.8	0.467	0.437	0.478	0.524	5223.7	0.467	0.437	0.479	0.526
380	5251.4	0.466	0.436	0.480	0.524	5223.7	0.467	0.437	0.480	0.526
385	5221.8	0.467	0.435	0.481	0.526	5221.8	0.467	0.437	0.481	0.526
390	5237.5	0.467	0.434	0.480	0.526	5221.8	0.467	0.437	0.481	0.526
395	5378.1	0.467	0.434	0.484	0.525	5221.8	0.467	0.437	0.484	0.526
400	5169.5	0.468	0.436	0.481	0.529	5169.5	0.468	0.437	0.484	0.529
405	5268.7	0.469	0.438	0.482	0.528	5169.5	0.469	0.438	0.484	0.529
410	5393.3	0.466	0.435	0.479	0.525	5169.5	0.469	0.438	0.484	0.529
415	5328.9	0.468	0.437	0.480	0.527	5169.5	0.469	0.438	0.484	0.529
420	5263.9	0.469	0.438	0.482	0.529	5169.5	0.469	0.438	0.484	0.529
425	5260.8	0.467	0.436	0.480	0.527	5169.5	0.469	0.438	0.484	0.529
430	5330.7	0.468	0.437	0.481	0.527	5169.5	0.469	0.438	0.484	0.529
435	5183.1	0.468	0.437	0.480	0.527	5169.5	0.469	0.438	0.484	0.529
440	5323.9	0.467	0.435	0.480	0.527	5169.5	0.469	0.438	0.484	0.529
445	5362.3	0.467	0.436	0.480	0.526	5169.5	0.469	0.438	0.484	0.529
450	5261.1	0.467	0.436	0.480	0.528	5169.5	0.469	0.438	0.484	0.529
455	5261.5	0.468	0.437	0.481	0.527	5169.5	0.469	0.438	0.484	0.529
460	5262.7	0.470	0.439	0.482	0.530	5169.5	0.470	0.439	0.484	0.530
465	5324.4	0.467	0.436	0.479	0.528	5169.5	0.470	0.439	0.484	0.530
470	5214.7	0.467	0.435	0.480	0.528	5169.5	0.470	0.439	0.484	0.530
475	5320.0	0.469	0.437	0.483	0.527	5169.5	0.470	0.439	0.484	0.530
480	5245.7	0.470	0.439	0.482	0.528	5169.5	0.470	0.439	0.484	0.530
485	5309.3	0.469	0.437	0.484	0.529	5169.5	0.470	0.439	0.484	0.530
490	5186.8	0.470	0.438	0.485	0.531	5169.5	0.470	0.439	0.485	0.531
495	5396.1	0.469	0.438	0.482	0.530	5169.5	0.470	0.439	0.485	0.531
500	5251.8	0.469	0.438	0.482	0.530	5169.5	0.470	0.439	0.485	0.531
505	5237.9	0.469	0.437	0.483	0.529	5169.5	0.470	0.439	0.485	0.531
510	5340.0	0.468	0.435	0.480	0.530	5169.5	0.470	0.439	0.485	0.531
515	5267.4	0.471	0.438	0.484	0.530	5169.5	0.471	0.439	0.485	0.531
520	5410.0	0.469	0.438	0.483	0.531	5169.5	0.471	0.439	0.485	0.531
525	5167.2	0.471	0.439	0.485	0.532	5167.2	0.471	0.439	0.485	0.532
530	5330.9	0.469	0.438	0.483	0.529	5167.2	0.471	0.439	0.485	0.532
535	5211.1	0.469	0.436	0.485	0.531	5167.2	0.471	0.439	0.485	0.532
540	5199.1	0.471	0.439	0.485	0.531	5167.2	0.471	0.439	0.485	0.532
545	5114.1	0.471	0.439	0.483	0.531	5114.1	0.471	0.439	0.485	0.532
550	5216.8	0.471	0.440	0.484	0.533	5114.1	0.471	0.440	0.485	0.533
555	5207.3	0.472	0.440	0.485	0.531	5114.1	0.472	0.440	0.485	0.533
560	5217.9	0.472	0.440	0.483	0.531	5114.1	0.472	0.440	0.485	0.533
565	5240.6	0.470	0.438	0.483	0.531	5114.1	0.472	0.440	0.485	0.533
570	5246.4	0.474	0.443	0.487	0.533	5114.1	0.474	0.443	0.487	0.533
575	5238.7	0.472	0.439	0.485	0.531	5114.1	0.474	0.443	0.487	0.533
580	5168.8	0.472	0.440	0.486	0.529	5114.1	0.474	0.443	0.487	0.533
585	5194.7	0.472	0.439	0.486	0.531	5114.1	0.474	0.443	0.487	0.533
590	5280.9	0.473	0.441	0.485	0.534	5114.1	0.474	0.443	0.487	0.534
595	5155.0	0.473	0.441	0.485	0.533	5114.1	0.474	0.443	0.487	0.534
600	5214.0	0.471	0.438	0.485	0.532	5114.1	0.474	0.443	0.487	0.534
605	5331.6	0.473	0.441	0.487	0.534	5114.1	0.474	0.443	0.487	0.534
610	5199.9	0.470	0.439	0.482	0.531	5114.1	0.474	0.443	0.487	0.534
615	5178.4	0.471	0.439	0.484	0.535	5114.1	0.474	0.443	0.487	0.535
620	5208.1	0.471	0.439	0.486	0.533	5114.1	0.474	0.443	0.487	0.535
625	5284.7	0.472	0.440	0.485	0.533	5114.1	0.474	0.443	0.487	0.535
630	5179.4	0.471	0.437	0.485	0.533	5114.1	0.474	0.443	0.487	0.535
635	5122.2	0.472	0.440	0.486	0.532	5114.1	0.474	0.443	0.487	0.535
640	5261.8	0.471	0.438	0.487	0.533	5114.1	0.474	0.443	0.487	0.535
645	5299.2	0.471	0.439	0.485	0.531	5114.1	0.474	0.443	0.487	0.535
650	5270.8	0.474	0.443	0.489	0.534	5114.1	0.474	0.443	0.489	0.535
655	5185.8	0.471	0.437	0.486	0.531	5114.1	0.474	0.443	0.489	0.535
660	5171.3	0.474	0.442	0.487	0.534	5114.1	0.474	0.443	0.489	0.535
665	5240.7	0.472	0.440	0.485	0.533	5114.1	0.474	0.443	0.489	0.535
670	5183.7	0.471	0.439	0.484	0.530	5114.1	0.474	0.443	0.489	0.535
675	5227.7	0.471	0.438	0.489	0.533	5114.1	0.474	0.443	0.489	0.535
680	5274.4	0.472	0.439	0.486	0.532	5114.1	0.474	0.443	0.489	0.535
685	5148.4	0.472	0.440	0.485	0.533	5114.1	0.474	0.443	0.489	0.535
690	5214.7	0.474	0.442	0.488	0.533	5114.1	0.474	0.443	0.489	0.535
695	5223.2	0.471	0.438	0.486	0.534	5114.1	0.474	0.443	0.489	0.535
700	5231.6	0.474	0.442	0.489	0.534	5114.1	0.474	0.443	0.489	0.535
705	5242.7	0.474	0.442	0.487	0.534	5114.1	0.474	0.443	0.489	0.535
710	5159.3	0.473	0.440	0.486	0.537	5114.1	0.474	0.443	0.489	0.537
715	5131.0	0.473	0.439	0.487	0.534	5114.1	0.474	0.443	0.489	0.537
720	5351.9	0.472	0.439	0.488	0.536	5114.1	0.474	0.443	0.489	0.537
725	5155.2	0.476	0.443	0.489	0.537	5114.1	0.476	0.443	0.489	0.537
730	5152.5	0.475	0.442	0.489	0.534	5114.1	0.476	0.443	0.489	0.537
735	5105.4	0.473	0.441	0.487	0.536	5105.4	0.476	0.443	0.489	0.537
740	5218.1	0.474	0.441	0.489	0.537	5105.4	0.476	0.443	0.489	0.537
745	5303.0	0.473	0.441	0.488	0.535	5105.4	0.476	0.443	0.489	0.537
750	5232.1	0.474	0.441	0.488	0.534	5105.4	0.476	0.443	0.489	0.537
755	5181.1	0.472	0.440	0.487	0.535	5105.4	0.476	0.443	0.489	0.537
760	5256.8	0.474	0.442	0.486	0.536	5105.4	0.476	0.443	0.489	0.537
765	5144.4	0.476	0.444	0.489	0.537	5105.4	0.476	0.444	0.489	0.537
770	5257.1	0.475	0.443	0.490	0.537	5105.4	0.476	0.444	0.490	0.537
775	5216.9	0.474	0.442	0.488	0.536	5105.4	0.476	0.444	0.490	0.537
780	5279.4	0.474	0.442	0.489	0.538	5105.4	0.476	0.444	0.490	0.538
785	5284.8	0.474	0.440	0.488	0.538	5105.4	0.476	0.444	0.490	0.538
790	5210.4	0.474	0.441	0.488	0.537	5105.4	0.476	0.444	0.490	0.538
795	5262.6	0.474	0.441	0.487	0.537	5105.4	0.476	0.444	0.490	0.538
800	5160.4	0.474	0.442	0.488	0.536	5105.4	0.476	0.444	0.490	0.538
805	5242.9	0.473	0.440	0.489	0.536	5105.4	0.476	0.444	0.490	0.538
810	5287.5	0.473	0.440	0.487	0.536	5105.4	0.476	0.444	0.490	0.538
815	5172.5	0.475	0.442	0.487	0.537	5105.4	0.476	0.444	0.490	0.538
820	5133.7	0.478	0.447	0.490	0.540	5105.4	0.478	0.447	0.490	0.540
825	5205.2	0.476	0.443	0.492	0.537	5105.4	0.478	0.447	0.492	0.540
830	5195.7	0.475	0.442	0.491	0.539	5105.4	0.478	0.447	0.492	0.540
835	5203.5	0.474	0.442	0.488	0.538	5105.4	0.478	0.447	0.492	0.540
840	5231.8	0.474	0.439	0.492	0.538	5105.4	0.478	0.447	0.492	0.540
845	5174.8	0.474	0.441	0.488	0.535	5105.4	0.478	0.447	0.492	0.540
850	5164.2	0.475	0.443	0.489	0.535	5105.4	0.478	0.447	0.492	0.540
855	5223.0	0.476	0.444	0.489	0.537	5105.4	0.478	0.447	0.492	0.540
860	5247.5	0.473	0.440	0.487	0.536	5105.4	0.478	0.447	0.492	0.540
865	5208.8	0.473	0.439	0.489	0.536	5105.4	0.478	0.447	0.492	0.540
870	5194.6	0.476	0.444	0.491	0.538	5105.4	0.478	0.447	0.492	0.540
875	5071.2	0.476	0.442	0.493	0.539	5071.2	0.478	0.447	0.493	0.540
880	5164.6	0.474	0.441	0.487	0.539	5071.2	0.478	0.447	0.493	0.540
885	5169.6	0.476	0.443	0.489	0.537	5071.2	0.478	0.447	0.493	0.540
890	5127.1	0.474	0.442	0.487	0.536	5071.2	0.478	0.447	0.493	0.540
895	5138.4	0.476	0.444	0.489	0.538	5071.2	0.478	0.447	0.493	0.540
900	5147.2	0.476	0.443	0.490	0.537	5071.2	0.478	0.447	0.493	0.540
905	5074.1	0.475	0.443	0.487	0.537	5071.2	0.478	0.447	0.493	0.540
910	5247.1	0.475	0.443	0.491	0.537	5071.2	0.478	0.447	0.493	0.540
915	5165.0	0.474	0.440	0.490	0.536	5071.2	0.478	0.447	0.493	0.540
920	5170.4	0.474	0.440	0.488	0.538	5071.2	0.478	0.447	0.493	0.540
925	5211.3	0.473	0.440	0.489	0.537	5071.2	0.478	0.447	0.493	0.540
930	5210.9	0.474	0.441	0.489	0.535	5071.2	0.478	0.447	0.493	0.540
935	5162.5	0.478	0.446	0.491	0.540	5071.2	0.478	0.447	0.493	0.540
940	5161.7	0.476	0.445	0.488	0.538	5071.2	0.478	0.447	0.493	0.540
945	5131.3	0.476	0.444	0.490	0.541	5071.2	0.478	0.447	0.493	0.541
950	5126.3	0.477	0.445	0.490	0.542	5071.2	0.478	0.447	0.493	0.542
955	5147.0	0.476	0.444	0.491	0.538	5071.2	0.478	0.447	0.493	0.542
960	5258.9	0.476	0.444	0.489	0.537	5071.2	0.478	0.447	0.493	0.542
965	5216.5	0.475	0.442	0.491	0.538	5071.2	0.478	0.447	0.493	0.542
970	5216.9	0.477	0.444	0.490	0.539	5071.2	0.478	0.447	0.493	0.542
975	5180.6	0.478	0.446	0.492	0.538	5071.2	0.478	0.447	0.493	0.542
980	5086.5	0.479	0.447	0.492	0.538	5071.2	0.479	0.447	0.493	0.542
985	5179.9	0.476	0.445	0.490	0.542	5071.2	0.479	0.447	0.493	0.542
990	5249.8	0.474	0.441	0.489	0.543	5071.2	0.479	0.447	0.493	0.543
995	5148.8	0.475	0.441	0.488	0.539	5071.2	0.479	0.447	0.493	0.543
1000	5131.6	0.477	0.446	0.490	0.538	5071.2	0.479	0.447	0.493	0.543
